
In getCurrentDate
Time: 15_03_2018_17_49_00
-86399
-86398
-86397
-86396
-86395
-86394
-86393
-86392
-86391
-86390
-86389
-86388
-86387
-86386
-86385
-86384
-86383
-86382
-86381
-86380
-86379
-86378
-86377
-86376
-86375
-86374
-86373
-86372
-86371
-86370
-86369
-86368
-86367
-86366
-86365
-86364
-86363
-86362
-86361
-86360
-86359
-86358
-86357
-86356
-86355
-86354
-86353
-86352
-86351
-86350
-86349
-86348
-86347
-86346
-86345
-86344
-86343
-86342
-86341
-86340
-86339
-86338
-86337
-86336
-86335
-86334
-86333
-86332
-86331
-86330
-86329
-86328
-86327
-86326
-86325
-86324
-86323
-86322
-86321
-86320
-86319
-86318
-86317
-86316
-86315
-86314
-86313
-86312
-86311
-86310
-86309
-86308
-86307
-86306
-86305
-86304
-86303
-86302
-86301
-86300
-86299
-86298
-86297
-86296
-86295
-86294
-86293
-86292
-86291
-86290
-86289
-86288
-86287
-86286
-86285
-86284
-86283
-86282
-86281
-86280
-86279
-86278
-86277
-86276
-86275
-86274
-86273
-86272
-86271
-86270
-86269
-86268
-86267
-86266
-86265
-86264
-86263
-86262
-86261
-86260
-86259
-86258
-86257
-86256
-86255
-86254
-86253
-86252
-86251
-86250
-86249
-86248
-86247
-86246
-86245
-86244
-86243
-86242
-86241
-86240
-86239
-86238
-86237
-86236
-86235
-86234
-86233
-86232
-86231
-86230
-86229
-86228
-86227
-86226
-86225
-86224
-86223
-86222
-86221
-86220
-86219
-86218
-86217
-86216
-86215
-86214
-86213
-86212
-86211
-86210
-86209
-86208
-86207
-86206
-86205
-86204
-86203
-86202
-86201
-86200
-86199
-86198
-86197
-86196
-86195
-86194
-86193
-86192
-86191
-86190
-86189
-86188
-86187
-86186
-86185
-86184
-86183
-86182
-86181
-86180
-86179
-86178
-86177
-86176
-86175
-86174
-86173
-86172
-86171
-86170
-86169
-86168
-86167
-86166
-86165
-86164
-86163
-86162
-86161
-86160
-86159
-86158
-86157
-86156
-86155
-86154
-86153
-86152
-86151
-86150
-86149
-86148
-86147
-86146
-86145
-86144
-86143
-86142
-86141
-86140
-86139
-86138
-86137
-86136
-86135
-86134
-86133
-86132
-86131
-86130
-86129
-86128
-86127
-86126
-86125
-86124
-86123
-86122
-86121
-86120
-86119
-86118
-86117
-86116
-86115
-86114
-86113
-86112
-86111
-86110
-86109
-86108
-86107
-86106
-86105
-86104
-86103
-86102
-86101
-86100
-86099
-86098
-86097
-86096
-86095
-86094
-86093
-86092
-86091
-86090
-86089
-86088
-86087
-86086
-86085
-86084
-86083
-86082
-86081
-86080
-86079
-86078
-86077
-86076
-86075
-86074
-86073
-86072
-86071
-86070
-86069
-86068
-86067
-86066
-86065
-86064
-86063
-86062
-86061
-86060
-86059
-86058
-86057
-86056
-86055
-86054
-86053
-86052
-86051
-86050
-86049
-86048
-86047
-86046
-86045
-86044
-86043
-86042
-86041
-86040
-86039
-86038
-86037
-86036
-86035
-86034
-86033
-86032
-86031
-86030
-86029
-86028
-86027
-86026
-86025
-86024
-86023
-86022
-86021
-86020
-86019
-86018
-86017
-86016
-86015
-86014
-86013
-86012
-86011
-86010
-86009
-86008
-86007
-86006
-86005
-86004
-86003
-86002
-86001
-86000
-85999
-85998
-85997
-85996
-85995
-85994
-85993
-85992
-85991
-85990
-85989
-85988
-85987
-85986
-85985
-85984
-85983
-85982
-85981
-85980
-85979
-85978
-85977
-85976
-85975
-85974
-85973
-85972
-85971
-85970
-85969
-85968
-85967
-85966
-85965
-85964
-85963
-85962
-85961
-85960
-85959
-85958
-85957
-85956
-85955
-85954
-85953
-85952
-85951
-85950
-85949
-85948
-85947
-85946
-85945
-85944
-85943
-85942
-85941
-85940
-85939
-85938
-85937
-85936
-85935
-85934
-85933
-85932
-85931
-85930
-85929
-85928
-85927
-85926
-85925
-85924
-85923
-85922
-85921
-85920
-85919
-85918
-85917
-85916
-85915
-85914
-85913
-85912
-85911
-85910
-85909
-85908
-85907
-85906
-85905
-85904
-85903
-85902
-85901
-85900
-85899
-85898
-85897
-85896
-85895
-85894
-85893
-85892
-85891
-85890
-85889
-85888
-85887
-85886
-85885
-85884
-85883
-85882
-85881
-85880
-85879
-85878
-85877
-85876
-85875
-85874
-85873
-85872
-85871
-85870
-85869
-85868
-85867
-85866
-85865
-85864
-85863
-85862
-85861
-85860
-85859
-85858
-85857
-85856
-85855
-85854
-85853
-85852
-85851
-85850
-85849
-85848
-85847
-85846
-85845
-85844
-85843
-85842
-85841
-85840
-85839
-85838
-85837
-85836
-85835
-85834
-85833
-85832
-85831
-85830
-85829
-85828
-85827
-85826
-85825
-85824
-85823
-85822
-85821
-85820
-85819
-85818
-85817
-85816
-85815
-85814
-85813
-85812
-85811
-85810
-85809
-85808
-85807
-85806
-85805
-85804
-85803
-85802
-85801
-85800
-85799
-85798
-85797
-85796
-85795
-85794
-85793
-85792
-85791
-85790
-85789
-85788
-85787
-85786
-85785
-85784
-85783
-85782
-85781
-85780
-85779
-85778
-85777
-85776
-85775
-85774
-85773
-85772
-85771
-85770
-85769
-85768
-85767
-85766
-85765
-85764
-85763
-85762
-85761
-85760
-85759
-85758
-85757
-85756
-85755
-85754
-85753
-85752
-85751
-85750
-85749
-85748
-85747
-85746
-85745
-85744
-85743
-85742
-85741
-85740
-85739
-85738
-85737
-85736
-85735
-85734
-85733
-85732
-85731
-85730
-85729
-85728
-85727
-85726
-85725
-85724
-85723
-85722
-85721
-85720
-85719
-85718
-85717
-85716
-85715
-85714
-85713
-85712
-85711
-85710
-85709
-85708
-85707
-85706
-85705
-85704
-85703
-85702
-85701
-85700
-85699
-85698
-85697
-85696
-85695
-85694
-85693
-85692
-85691
-85690
-85689
-85688
-85687
-85686
-85685
-85684
-85683
-85682
-85681
-85680
-85679
-85678
-85677
-85676
-85675
-85674
-85673
-85672
-85671
-85670
-85669
-85668
-85667
-85666
-85665
-85664
-85663
-85662
-85661
-85660
-85659
-85658
-85657
-85656
-85655
-85654
-85653
-85652
-85651
-85650
-85649
-85648
-85647
-85646
-85645
-85644
-85643
-85642
-85641
-85640
-85639
-85638
-85637
-85636
-85635
-85634
-85633
-85632
-85631
-85630
Argument is required for -f

In getCurrentDate
Time: 15_03_2018_18_03_01
-86398
-86397
-86396
-86395
-86394
-86393
-86392
-86391
-86390
-86389
-86388
-86387
-86386
-86385
-86384
-86383
-86382
-86381
-86380
-86379
-86378
-86377
-86376
-86375
-86374
-86373
-86372
-86371
-86370
-86369
-86368
-86367
-86366
-86365
-86364
-86363
-86362
-86361
-86360
-86359
-86358
-86357
-86356
-86355
-86354
-86353
-86352
-86351
-86350
-86349
-86348
-86347
-86346
-86345
-86344
-86343
-86342
-86341
-86340
-86339
-86338
-86337
-86336
-86335
-86334
-86333
-86332
-86331
-86330
-86329
-86328
-86327
-86326
-86325
-86324
-86323
-86322
-86321
-86320
-86319
-86318
-86317
-86316
-86315
-86314
-86313
-86312
-86311
-86310
-86309
-86308
-86307
-86306
-86305
-86304
-86303
-86302
-86301
-86300
-86299
-86298
-86297
-86296
-86295
-86294
-86293
-86292
-86291
-86290
-86289
-86288
-86287
-86286
-86285
-86284
-86283
-86282
-86281
-86280
-86279
-86278
-86277
-86276
-86275
-86274
-86273
-86272
-86271
-86270
-86269
-86268
-86267
-86266
-86265
-86264
-86263
-86262
-86261
-86260
-86259
-86258
-86257
-86256
-86255
-86254
-86253
-86252
-86251
-86250
-86249
-86248
-86247
-86246
-86245
-86244
-86243
-86242
-86241
-86240
-86239
-86238
-86237
-86236
-86235
-86234
-86233
-86232
-86231
-86230
-86229
-86228
-86227
-86226
-86225
-86224
-86223
-86222
-86221
-86220
-86219
-86218
-86217
-86216
-86215
-86214
-86213
-86212
-86211
-86210
-86209
-86208
-86207
-86206
-86205
-86204
-86203
-86202
-86201
-86200
-86199
-86198
-86197
-86196
-86195
-86194
-86193
-86192
-86191
-86190
-86189
-86188
-86187
-86186
-86185
-86184
-86183
-86182
-86181
-86180
-86179
-86178
-86177
-86176
-86175
-86174
-86173
-86172
-86171
-86170
-86169
-86168
-86167
-86166
-86165
-86164
-86163
-86162
-86161
-86160
-86159
-86158
-86157
-86156
-86155
-86154
-86153
-86152
-86151
-86150
-86149
-86148
-86147
-86146
-86145
-86144
-86143
-86142
-86141
-86140
-86139
-86138
-86137
-86136
-86135
-86134
-86133
-86132
-86131
-86130
-86129
-86128
-86127
-86126
-86125
-86124
-86123
-86122
-86121
-86120
-86119
-86118
-86117
-86116
-86115
-86114
-86113
-86112
-86111
-86110
-86109
-86108
-86107
-86106
-86105
-86104
-86103
-86102
-86101
-86100
-86099
-86098
-86097
-86096
-86095
-86094
-86093
-86092
-86091
-86090
-86089
-86088
-86087
-86086
-86085
-86084
-86083
-86082
-86081
-86080
-86079
-86078
-86077
-86076
-86075
-86074
-86073
-86072
-86071
-86070
-86069
-86068
-86067
-86066
-86065
-86064
-86063
-86062
-86061
-86060
-86059
-86058
-86057
-86056
-86055
-86054
-86053
-86052
-86051
-86050
-86049
-86048
-86047
-86046
-86045
-86044
-86043
-86042
-86041
-86040
-86039
-86038
-86037
-86036
-86035
-86034
-86033
-86032
-86031
-86030
-86029
-86028
-86027
-86026
-86025
-86024
-86023
-86022
-86021
-86020
-86019
-86018
-86017
-86016
-86015
-86014
-86013
-86012
-86011
-86010
-86009
-86008
-86007
-86006
-86005
-86004
-86003
-86002
-86001
-86000
-85999
-85998
-85997
-85996
-85995
-85994
-85993
-85992
-85991
-85990
-85989
-85988
-85987
-85986
-85985
-85984
-85983
-85982
-85981
-85980
-85979
-85978
-85977
-85976
-85975
-85974
-85973
-85972
-85971
-85970
-85969
-85968
-85967
-85966
-85965
-85964
-85963
-85962
-85961
-85960
-85959
-85958
-85957
-85956
-85955
-85954
-85953
-85952
-85951
-85950
-85949
-85948
-85947
-85946
-85945
-85944
-85943
-85942
-85941
-85940
-85939
-85938
-85937
-85936
-85935
-85934
-85933
-85932
-85931
-85930
-85929
-85928
-85927
-85926
-85925
-85924
-85923
-85922
-85921
-85920
-85919
-85918
-85917
-85916
-85915
-85914
-85913
-85912
-85911
-85910
-85909
-85908
-85907
-85906
-85905
-85904
-85903
-85902
-85901
-85900
-85899
-85898
-85897
-85896
-85895
-85894
-85893
-85892
-85891
-85890
-85889
-85888
-85887
-85886
-85885
-85884
-85883
-85882
-85881
-85880
-85879
-85878
-85877
-85876
-85875
-85874
-85873
-85872
-85871
-85870
-85869
-85868
-85867
-85866
-85865
-85864
-85863
-85862
-85861
-85860
-85859
-85858
-85857
-85856
-85855
-85854
-85853
-85852
-85851
-85850
-85849
-85848
-85847
-85846
-85845
-85844
-85843
-85842
-85841
-85840
-85839
-85838
-85837
-85836
-85835
-85834
-85833
-85832
-85831
-85830
-85829
-85828
-85827
-85826
-85825
-85824
-85823
-85822
-85821
-85820
-85819
-85818
-85817
-85816
-85815
-85814
-85813
-85812
-85811
-85810
-85809
-85808
-85807
-85806
-85805
-85804
-85803
-85802
-85801
-85800
-85799
-85798
-85797
-85796
-85795
-85794
-85793
-85792
-85791
-85790
-85789
-85788
-85787
-85786
-85785
-85784
-85783
-85782
-85781
-85780
-85779
-85778
-85777
-85776
-85775
-85774
-85773
-85772
-85771
-85770
-85769
-85768
-85767
-85766
-85765
-85764
-85763
-85762
-85761
-85760
-85759
-85758
-85757
-85756
-85755
-85754
-85753
-85752
-85751
-85750
-85749
-85748
-85747
-85746
-85745
-85744
-85743
-85742
-85741
-85740
-85739
-85738
-85737
-85736
-85735
-85734
-85733
-85732
-85731
-85730
-85729
-85728
-85727
-85726
-85725
-85724
-85723
-85722
-85721
-85720
-85719
-85718
-85717
-85716
-85715
-85714
-85713
-85712
-85711
-85710
-85709
-85708
-85707
-85706
-85705
-85704
-85703
-85702
-85701
-85700
-85699
-85698
-85697
-85696
-85695
-85694
-85693
-85692
-85691
-85690
-85689
-85688
-85687
-85686
-85685
-85684
-85683
-85682
-85681
-85680
-85679
-85678
-85677
-85676
-85675
-85674
-85673
-85672
-85671
-85670
-85669
-85668
-85667
-85666
-85665
-85664
-85663
-85662
-85661
-85660
-85659
-85658
-85657
-85656
-85655
-85654
-85653
-85652
-85651
-85650
-85649
-85648
-85647
-85646
-85645
-85644
-85643
-85642
-85641
-85640
-85639
-85638
-85637
-85636
-85635
-85634
-85633
-85632
-85631
-85630
-85629
-85628
-85627
-85626
-85625
-85624
-85623
-85622
-85621
-85620
-85619
-85618
-85617
-85616
-85615
-85614
-85613
-85612
-85611
-85610
-85609
-85608
-85607
-85606
